[LEFT_CAM_2K]
fx=1068.82
fy=1069.06
cx=1103.27
cy=620.217
k1=-0.0487419
k2=0.0223437
p1=0.000334614
p2=-8.44957e-05
k3=-0.0093265

[RIGHT_CAM_2K]
fx=1068.36
fy=1068.28
cx=1123.54
cy=617.461
k1=-0.0485878
k2=0.0223014
p1=0.00018734
p2=2.93852e-05
k3=-0.00934865

[LEFT_CAM_FHD]
fx=1068.82
fy=1069.06
cx=959.27
cy=539.217
k1=-0.0487419
k2=0.0223437
p1=0.000334614
p2=-8.44957e-05
k3=-0.0093265

[RIGHT_CAM_FHD]
fx=1068.36
fy=1068.28
cx=979.54
cy=536.461
k1=-0.0485878
k2=0.0223014
p1=0.00018734
p2=2.93852e-05
k3=-0.00934865

[LEFT_CAM_HD]
fx=534.41
fy=534.53
cx=638.135
cy=358.1085
k1=-0.0487419
k2=0.0223437
p1=0.000334614
p2=-8.44957e-05
k3=-0.0093265

[RIGHT_CAM_HD]
fx=534.18
fy=534.14
cx=648.27
cy=356.7305
k1=-0.0485878
k2=0.0223014
p1=0.00018734
p2=2.93852e-05
k3=-0.00934865

[LEFT_CAM_VGA]
fx=267.205
fy=267.265
cx=334.5675
cy=186.55425
k1=-0.0487419
k2=0.0223437
p1=0.000334614
p2=-8.44957e-05
k3=-0.0093265

[RIGHT_CAM_VGA]
fx=267.09
fy=267.07
cx=339.635
cy=185.86525
k1=-0.0485878
k2=0.0223014
p1=0.00018734
p2=2.93852e-05
k3=-0.00934865

[LEFT_DISTO]
k1=-1.22141
k2=2.37089
k3=0.123026
k4=-1.13034
k5=2.22248
k6=0.280296
p1=0.000286564
p2=5.65276e-05

[RIGHT_DISTO]
k1=-1.24014
k2=2.49019
k3=0.0983822
k4=-1.14923
k5=2.34238
k6=0.258372
p1=0.000151162
p2=-0.000143997

[STEREO]
Baseline=119.776
TY=-0.157893
TZ=0.427852
CV_2K=0.00267784
CV_FHD=0.00267784
CV_HD=0.00267784
CV_VGA=0.00267784
RX_2K=-1.68886e-05
RX_FHD=-1.68886e-05
RX_HD=-1.68886e-05
RX_VGA=-1.68886e-05
RZ_2K=0.00242389
RZ_FHD=0.00242389
RZ_HD=0.00242389
RZ_VGA=0.00242389

